// Auto-generated LUT (Corrected distance vs ADC)
#include <stdint.h>

static const uint32_t LUT_COUNT = 671u;
static const float LUT_START_ADC = 2180.000000f;
static const float LUT_END_ADC = 2850.000000f;
static const float LUT_STEP_ADC = 1.000000f;

static const uint32_t lut_values[LUT_COUNT] = {
    0, 0, 0, 0, 0, 0, 0, 0, 0, 0, 0, 0
    0, 0, 0, 0, 9, 27, 46, 64, 82, 100, 117, 135
    152, 169, 186, 203, 220, 237, 253, 270, 286, 302, 318, 334
    349, 365, 380, 396, 411, 426, 441, 456, 470, 485, 500, 514
    528, 542, 556, 570, 584, 598, 611, 625, 638, 651, 665, 678
    691, 704, 716, 729, 742, 754, 767, 779, 791, 803, 815, 827
    839, 851, 863, 874, 886, 898, 909, 920, 932, 943, 954, 965
    976, 987, 997, 1008, 1019, 1029, 1040, 1050, 1061, 1071, 1081, 1092
    1102, 1112, 1122, 1132, 1142, 1152, 1161, 1171, 1181, 1190, 1200, 1210
    1219, 1228, 1238, 1247, 1256, 1265, 1275, 1284, 1293, 1302, 1311, 1319
    1328, 1337, 1346, 1355, 1363, 1372, 1380, 1389, 1397, 1406, 1414, 1423
    1431, 1439, 1448, 1456, 1464, 1472, 1480, 1488, 1496, 1504, 1512, 1520
    1528, 1536, 1544, 1551, 1559, 1567, 1574, 1582, 1590, 1597, 1605, 1612
    1620, 1627, 1635, 1642, 1649, 1657, 1664, 1671, 1679, 1686, 1693, 1700
    1707, 1714, 1721, 1729, 1736, 1743, 1750, 1756, 1763, 1770, 1777, 1784
    1791, 1798, 1804, 1811, 1818, 1825, 1831, 1838, 1845, 1851, 1858, 1864
    1871, 1877, 1884, 1890, 1897, 1903, 1910, 1916, 1923, 1929, 1935, 1942
    1948, 1954, 1960, 1967, 1973, 1979, 1985, 1991, 1998, 2004, 2010, 2016
    2022, 2028, 2034, 2040, 2046, 2052, 2058, 2064, 2070, 2076, 2082, 2087
    2093, 2099, 2105, 2111, 2116, 2122, 2128, 2134, 2139, 2145, 2151, 2156
    2162, 2168, 2173, 2179, 2184, 2190, 2195, 2201, 2206, 2212, 2217, 2223
    2228, 2234, 2239, 2244, 2250, 2255, 2260, 2266, 2271, 2276, 2282, 2287
    2292, 2297, 2302, 2308, 2313, 2318, 2323, 2328, 2333, 2338, 2343, 2348
    2353, 2358, 2363, 2368, 2373, 2378, 2383, 2388, 2393, 2398, 2403, 2408
    2413, 2417, 2422, 2427, 2432, 2437, 2441, 2446, 2451, 2456, 2460, 2465
    2470, 2474, 2479, 2483, 2488, 2493, 2497, 2502, 2506, 2511, 2515, 2520
    2524, 2529, 2533, 2537, 2542, 2546, 2551, 2555, 2559, 2564, 2568, 2572
    2577, 2581, 2585, 2589, 2594, 2598, 2602, 2606, 2610, 2614, 2619, 2623
    2627, 2631, 2635, 2639, 2643, 2647, 2651, 2655, 2659, 2663, 2667, 2671
    2675, 2679, 2683, 2687, 2691, 2694, 2698, 2702, 2706, 2710, 2713, 2717
    2721, 2725, 2729, 2732, 2736, 2740, 2743, 2747, 2751, 2754, 2758, 2762
    2765, 2769, 2772, 2776, 2779, 2783, 2787, 2790, 2794, 2797, 2801, 2804
    2807, 2811, 2814, 2818, 2821, 2825, 2828, 2831, 2835, 2838, 2841, 2845
    2848, 2851, 2855, 2858, 2861, 2864, 2868, 2871, 2874, 2877, 2881, 2884
    2887, 2890, 2893, 2896, 2900, 2903, 2906, 2909, 2912, 2915, 2918, 2921
    2924, 2927, 2931, 2934, 2937, 2940, 2943, 2946, 2949, 2952, 2955, 2958
    2961, 2964, 2966, 2969, 2972, 2975, 2978, 2981, 2984, 2987, 2990, 2993
    2996, 2999, 3001, 3004, 3007, 3010, 3013, 3016, 3018, 3021, 3024, 3027
    3030, 3033, 3035, 3038, 3041, 3044, 3046, 3049, 3052, 3055, 3058, 3060
    3063, 3066, 3069, 3071, 3074, 3077, 3079, 3082, 3085, 3088, 3090, 3093
    3096, 3098, 3101, 3104, 3106, 3109, 3112, 3115, 3117, 3120, 3123, 3125
    3128, 3131, 3133, 3136, 3138, 3141, 3144, 3146, 3149, 3152, 3154, 3157
    3160, 3162, 3165, 3168, 3170, 3173, 3175, 3178, 3181, 3183, 3186, 3189
    3191, 3194, 3196, 3199, 3202, 3204, 3207, 3209, 3212, 3215, 3217, 3220
    3222, 3225, 3227, 3230, 3233, 3235, 3238, 3240, 3243, 3246, 3248, 3251
    3253, 3256, 3258, 3261, 3263, 3266, 3269, 3271, 3274, 3276, 3279, 3281
    3284, 3286, 3289, 3291, 3294, 3296, 3299, 3301, 3304, 3306, 3309, 3311
    3314, 3316, 3319, 3321, 3324, 3326, 3329, 3331, 3333, 3336, 3338, 3341
    3343, 3345, 3348, 3350, 3353, 3355, 3357, 3360, 3362, 3364, 3367, 3369
    3371, 3373, 3376, 3378, 3380, 3382, 3385, 3387, 3389, 3391, 3393, 3396
    3398, 3400, 3402, 3404, 3406, 3408, 3410, 3412, 3414, 3416, 3418, 3420
    3422, 3424, 3426, 3428, 3429, 3431, 3433, 3435, 3437, 3438, 3440, 3442
    3443, 3445, 3447, 3448, 3450, 3451, 3453, 3454, 3455, 3457, 3458, 3459
    3461, 3462, 3463, 3464, 3465, 3467, 3468, 3469, 3470, 3470, 3471, 3472
    3473, 3474, 3474, 3475, 3476, 3476, 3477, 3477, 3478, 3478, 3478, 3479
    3479, 3479, 3479, 3479, 3479, 3479, 3479, 3479, 3479, 3478, 3478
};
